U_LEFT_LOWER_DATUM
2.500000000000000000e+01 -2.953488662838935852e+01 2.497530318982899189e+01 -1.683152839326851335e-09
2.700000000000000000e+01 -2.553521043062210083e+01 2.502740707807242870e+01 -1.618524536617371723e-09
U_LEFT_UPPER_DATUM
2.600000000000000000e+01 -2.977902622520923615e+01 4.498611307516694069e+01 -6.805334629156334358e-10
2.800000000000000000e+01 -2.577974765002727509e+01 4.502972884848713875e+01 -5.589368412550754783e-10
U_RIGHT_LOWER_DATUM
3.000000000000000000e+00 2.553480568528175354e+01 2.502724920958280563e+01 3.340896728332154453e-05
4.000000000000000000e+00 2.953447937965393066e+01 2.497514403611421585e+01 1.161706095444969833e-04
U_RIGHT_UPPER_DATUM
6.000000000000000000e+00 2.577943104505538940e+01 4.502959033288061619e+01 6.198754817887675017e-06
8.000000000000000000e+00 2.977871145308017731e+01 4.498595366347581148e+01 3.295613714726641774e-05
U_LEFT
4.400000000000000000e+01 -2.739999997615814209e+01 1.500000000000000000e+01 5.000035512999602361e+00
4.500000000000000000e+01 -2.739999997615814209e+01 1.500000000000000000e+01 1.000005190628871787e+01
5.600000000000000000e+01 -2.739999997615814209e+01 1.500000000000000000e+01 -1.000005190996307647e+01
5.800000000000000000e+01 -2.739999997615814209e+01 1.500000000000000000e+01 -5.000035516717616701e+00
U_RIGHT
3.800000000000000000e+01 2.739999997615814209e+01 1.500000000000000000e+01 1.000017340817430522e+01
3.900000000000000000e+01 2.739999997615814209e+01 1.500000000000000000e+01 5.000181114402948879e+00
4.700000000000000000e+01 2.739999997615814209e+01 1.500000000000000000e+01 -5.000055089851230150e+00
4.800000000000000000e+01 2.739999997615814209e+01 1.500000000000000000e+01 -1.000003092725091847e+01
U_LEFT_LOWER_DATUM
2.500000000000000000e+01 -2.953488662838935852e+01 2.497530318982899189e+01 -1.683152839326851335e-09
2.700000000000000000e+01 -2.553521043062210083e+01 2.502740707807242870e+01 -1.618524536617371723e-09
U_LEFT_UPPER_DATUM
2.600000000000000000e+01 -2.977902622520923615e+01 4.498611307516694069e+01 -6.805334629156334358e-10
2.800000000000000000e+01 -2.577974765002727509e+01 4.502972884848713875e+01 -5.589368412550754783e-10
U_RIGHT_LOWER_DATUM
3.000000000000000000e+00 2.553480568528175354e+01 2.502724920958280563e+01 3.340896728332154453e-05
4.000000000000000000e+00 2.953447937965393066e+01 2.497514403611421585e+01 1.161706095444969833e-04
U_RIGHT_UPPER_DATUM
6.000000000000000000e+00 2.577943104505538940e+01 4.502959033288061619e+01 6.198754817887675017e-06
8.000000000000000000e+00 2.977871145308017731e+01 4.498595366347581148e+01 3.295613714726641774e-05
U_LEFT
4.400000000000000000e+01 -2.739999997615814209e+01 1.500000000000000000e+01 5.000035512999602361e+00
4.500000000000000000e+01 -2.739999997615814209e+01 1.500000000000000000e+01 1.000005190628871787e+01
5.600000000000000000e+01 -2.739999997615814209e+01 1.500000000000000000e+01 -1.000005190996307647e+01
5.800000000000000000e+01 -2.739999997615814209e+01 1.500000000000000000e+01 -5.000035516717616701e+00
U_RIGHT
3.800000000000000000e+01 2.739999997615814209e+01 1.500000000000000000e+01 1.000017340817430522e+01
3.900000000000000000e+01 2.739999997615814209e+01 1.500000000000000000e+01 5.000181114402948879e+00
4.700000000000000000e+01 2.739999997615814209e+01 1.500000000000000000e+01 -5.000055089851230150e+00
4.800000000000000000e+01 2.739999997615814209e+01 1.500000000000000000e+01 -1.000003092725091847e+01
U_LEFT_LOWER_DATUM
2.500000000000000000e+01 -2.953488662838935852e+01 2.497530318982899189e+01 -1.683152839326851335e-09
2.700000000000000000e+01 -2.553521043062210083e+01 2.502740707807242870e+01 -1.618524536617371723e-09
U_LEFT_UPPER_DATUM
2.600000000000000000e+01 -2.977902622520923615e+01 4.498611307516694069e+01 -6.805334629156334358e-10
2.800000000000000000e+01 -2.577974765002727509e+01 4.502972884848713875e+01 -5.589368412550754783e-10
U_RIGHT_LOWER_DATUM
3.000000000000000000e+00 2.553480568528175354e+01 2.502724920958280563e+01 3.340896728332154453e-05
4.000000000000000000e+00 2.953447937965393066e+01 2.497514403611421585e+01 1.161706095444969833e-04
U_RIGHT_UPPER_DATUM
6.000000000000000000e+00 2.577943104505538940e+01 4.502959033288061619e+01 6.198754817887675017e-06
8.000000000000000000e+00 2.977871145308017731e+01 4.498595366347581148e+01 3.295613714726641774e-05
U_LEFT
4.400000000000000000e+01 -2.739999997615814209e+01 1.500000000000000000e+01 5.000035512999602361e+00
4.500000000000000000e+01 -2.739999997615814209e+01 1.500000000000000000e+01 1.000005190628871787e+01
5.600000000000000000e+01 -2.739999997615814209e+01 1.500000000000000000e+01 -1.000005190996307647e+01
5.800000000000000000e+01 -2.739999997615814209e+01 1.500000000000000000e+01 -5.000035516717616701e+00
U_RIGHT
3.800000000000000000e+01 2.739999997615814209e+01 1.500000000000000000e+01 1.000017340817430522e+01
3.900000000000000000e+01 2.739999997615814209e+01 1.500000000000000000e+01 5.000181114402948879e+00
4.700000000000000000e+01 2.739999997615814209e+01 1.500000000000000000e+01 -5.000055089851230150e+00
4.800000000000000000e+01 2.739999997615814209e+01 1.500000000000000000e+01 -1.000003092725091847e+01
