U_LEFT_LOWER_DATUM
2.500000000000000000e+01 -2.906640230000000003e+01 2.495132476999999938e+01 4.091825000000000418e-06
2.700000000000000000e+01 -2.506675040000000010e+01 2.505408599999999808e+01 2.255561999999999852e-06
2.720000000000000000e+02 -2.706663600000000258e+01 2.500281580000000048e+01 3.854823999999999737e-06
U_LEFT_UPPER_DATUM
2.600000000000000000e+01 -2.955037760000000091e+01 4.497114342000000420e+01 -1.951040499999999993e-06
2.800000000000000000e+01 -2.555149580000000142e+01 4.505798302999999549e+01 1.787424400000000027e-06
2.840000000000000000e+02 -2.755111610000000155e+01 4.501467501799999837e+01 3.462961999999999930e-06
U_RIGHT_UPPER_DATUM
6.000000000000000000e+00 2.555105760000000004e+01 4.505794603000000365e+01 6.907736000000000095e-06
8.000000000000000000e+00 2.954993839999999850e+01 4.497114163999999903e+01 7.336761000000000617e-06
1.190000000000000000e+02 2.755067790000000016e+01 4.501465584000000320e+01 1.070030200000000033e-05
U_RIGHT_LOWER_DATUM
3.000000000000000000e+00 2.506649030000000167e+01 2.505404796000000189e+01 3.823255999999999432e-05
4.000000000000000000e+00 2.906614199999999926e+01 2.495131918999999954e+01 5.470842999999999485e-05
8.700000000000000000e+01 2.706637590000000060e+01 2.500279365800000164e+01 4.690535999999999707e-05
